total=517 unique=513
2	10363|BRDE|1|213413
2	10612|ONEW|1|227326
2	10657|POBL|1|226506
2	15019|PTOL|1|215365
1	10141|RANQ|1|214202
1	10143|TISC|1|226918
1	10146|CCSH|1|226490
1	10149|SSIN|1|226496
1	10721|STOB|1|241166
1	10723|SPOU|1|241258
1	1|LIMB|1|211447
1	10111|LIMB|1|214399
1	10113|DAOF|1|211453
1	10320|QUCT|1|225788
1	10323|WQTV|1|225794
1	10170|BISI|1|215568
1	10172|BICC|1|215577
1	10176|BIRJ|1|215578
1	10179|BIRG|1|215599
1	10120|TAWO|1|214366
1	10121|CHBI|1|214368
1	10123|PSSI|1|214367
1	10125|SLWU|1|214369
1	10150|BTHA|1|215456
1	10154|BAHL|1|215457
1	10155|VICO|1|215724
1	10157|BTHE|1|215458
1	10159|BTH4|1|215459
1	10180|CHMD|1|227700
1	10182|SOUP|1|226679
1	10185|PNSI|1|225834
1	10188|DTSI|1|225840
1	10190|LAON|1|215791
1	10193|DEAM|1|215856
1	10195|CUTO|1|215864
1	10320|QUBS|1|226519
1	10211|BISM|1|225847
1	10213|FLSS|1|225855
1	10215|BIBW|1|225862
1	10220|DOTE|1|227062
1	10223|UCCU|1|227065
1	10226|CNWI|1|227066
1	10230|EAST|1|214181
1	10240|ELTE|1|227421
1	10250|CNRE|1|227693
1	10272|BNOI|1|216602
1	10274|LIFE|1|216612
1	10278|DRBO|1|216613
1	10310|RALI|1|227641
1	10315|LOOD|1|226685
1	10318|VASK|1|226687
1	10306|BAOY|1|227044
1	10334|REDN|1|227236
1	10339|VIWP|1|227237
1	10370|TAHL|1|233837
1	10381|EXTE|1|227476
1	10390|POMW|1|227365
1	10391|BLWO|1|227363
1	10392|GUBL|1|227364
1	10401|BDNB|1|227223
1	10861|ISEX|1|229898
1	10863|INNO|1|229920
1	10866|SRPI|1|227360
1	10869|TRPR|1|227361
1	10422|TRFO|1|227068
1	10424|DINT|1|227070
1	10426|SNFI|1|227072
1	10428|AVAL|1|227076
1	10430|BFEI|1|227712
1	10431|EARH|1|227713
1	10432|GIOC|1|227714
1	10451|ECON|1|229119
1	10454|TABX|1|229132
1	10456|SPBX|1|229658
1	10459|CTER|1|227788
1	10461|RGNN|1|214068
1	10470|NUBO|1|214069
1	10481|LAPI|1|226688
1	10482|WEBS|1|225869
1	10484|TRTA|1|226699
1	10486|NPSR|1|226700
1	10490|MKOV|1|226895
1	10493|MAOS|1|226881
1	10496|MKOH|1|226900
1	10499|MEOU|1|226903
1	10501|AMPI|1|225876
1	10504|FDTF|1|225882
1	10512|TRHN|1|226797
1	10514|XHJU|1|227151
1	10520|GDZH|1|227152
1	10521|BXUX|1|227817
1	10523|TXXD|1|227809
1	10525|NMWT|1|227158
1	10528|GOKK|1|227807
1	10532|REPE|1|229660
1	10535|TRUC|1|229669
1	10542|ENIS|1|227190
1	10544|DTSN|1|227191
1	10556|SHRM|1|225470
1	10560|EHHA|1|227036
1	10563|TAHA|1|214129
1	10564|MAPO|1|227040
1	10565|TRTR|1|214120
1	10600|ACNO|1|227312
1	10603|BLNN|1|227320
1	10606|STNT|1|227322
1	10609|NOOV|1|227324
1	10870|IXUL|1|225581
1	10871|DOSA|1|225618
1	10873|PERF|1|225589
1	10874|LACE|1|225629
1	10876|IMPA|1|225599
1	10877|KAWP|1|225641
1	10879|ECAT|1|225651
1	10641|QISH|1|226238
1	10644|DBSH|1|226244
1	10650|ERGI|1|226852
1	10662|FAAM|1|226237
1	10665|SDBU|1|226231
1	10669|NIKI|1|226225
1	10671|SHSB|1|226213
1	10673|BGON|1|227328
1	10675|SHKL|1|226219
1	10681|SNSH|1|226201
1	10684|SPS2|1|226207
1	10711|RESL|1|213438
1	10714|JABU|1|213977
1	10716|SLSU|1|213978
1	10719|NESL|1|213979
1	10730|FEBN|1|227329
1	10732|TRAC|1|226184
1	10735|CNBU|1|226195
1	10737|EEED|1|227336
1	10739|ARDI|1|227338
1	10740|IILW|1|225481
1	10742|MTHM|1|225483
1	10744|MLIG|1|225482
1	10746|STIV|1|225484
1	10748|HAAD|1|225505
1	10749|TEHL|1|225506
1	10630|CPVI|1|225439
1	10631|UABL|1|225465
1	10633|CPES|1|225440
1	10634|UNPS|1|225469
1	10636|CPSI|1|225455
1	10638|UNCG|1|225468
1	10639|CTVI|1|225456
1	10751|RAGO|1|226177
1	10754|CICD|1|226170
1	10756|INCA|1|226169
1	10758|FLQI|1|226162
1	10759|OBLI|1|226155
1	10770|DECT|1|226376
1	10773|BLWR|1|226853
1	10775|HOTH|1|226854
1	10778|QJOP|1|226382
1	10782|QUCN|1|227358
1	10785|AEDE|1|226128
1	10788|KNEN|1|227359
1	10792|EJXL|1|214386
1	10801|SAQA|1|212997
1	10803|IGFL|1|213010
1	10810|RLOD|1|225317
1	10811|DEVI|1|225341
1	10813|RTOZ|1|225323
1	10814|DEES|1|225347
1	10816|RUOS|1|225329
1	10817|DOVI|1|225353
1	10819|RTOB|1|225335
1	10760|DZWI|1|227348
1	10762|WRTK|1|226148
1	10765|TEDT|1|226141
1	10769|PERN|1|226134
1	10441|GLQD|1|225474
1	10443|MDID|1|225475
1	10445|TTEI|1|225476
1	10447|LVSF|1|225477
1	10449|GRPU|1|225479
1	10580|ZANA|1|227500
1	10582|NNSH|1|227194
1	10585|STNA|1|227219
1	10587|AINO|1|227218
1	10880|TROP|1|226356
1	10881|COTS|1|239839
1	10883|DOTO|1|226363
1	10886|SPDL|1|226369
1	10690|EXUL|1|216947
1	10691|ETTO|1|216948
1	10693|DIFI|1|216958
1	10695|ISOR|1|225266
1	10697|CNTM|1|225275
1	10699|YMBI|1|225286
1	10326|FYOC|1|225801
1	10328|RIFE|1|225807
1	10652|POVO|1|225821
1	10654|POSH|1|225828
1	10659|PWCO|1|226513
1	15001|JKRS|1|215350
1	15002|OSVI|1|215351
1	15004|PIJT|1|215368
1	15009|THCH|1|215364
1	15018|GMPQ|1|215373
1	15020|TUOF|1|215366
1	15013|LIGH|1|215353
1	15008|ROTO|1|215363
1	15003|GADA|1|215352
1	15010|BLAK|1|215356
1	15011|SAOD|1|215357
1	15014|GALI|1|215354
1	15022|SCOL|1|215359
1	15024|FROL|1|215361
1	15007|PAOD|1|215362
1	15005|JWNU|1|215369
1	15006|NFHV|1|215370
1	15012|SCOD|1|215358
1	15016|MORN|1|215371
1	15021|THCO|1|215367
1	15015|RAOF|1|215355
1	15023|SIOL|1|215360
1	15017|SUKB|1|215372
1	10509|XDGJ|1|226732
1	10648|NOSM|1|226347
1	10702|LGSH|1|226500
1	10706|EASH|1|225813
1	10709|JBWB|1|302068
1	10593|FAAG|1|227634
1	10596|TANT|1|227221
1	10844|ONFP|1|225472
1	10849|UVGQ|1|225473
1	10293|EADE|1|225575
1	10295|GOVE|1|225577
1	10299|THDI|1|225578
1	10323|CUBO|1|226528
1	10326|BITP|1|226536
1	10328|DVBL|1|226537
1	10890|CLEA|1|226032
1	10893|RANS|1|226038
1	10896|PALA|1|226053
1	10898|SAAI|1|226044
1	10901|PULV|1|226104
1	10904|HMAD|1|227493
1	10907|OEMG|1|226110
1	10909|SMSM|1|226119
1	10559|SURE|1|225471
1	15025|TZIR|1|239346
1	15026|GALG|1|239347
1	15027|OSVS|1|239348
1	15028|FPHK|1|239349
1	15029|XQQM|1|239350
1	15030|TQKB|1|239351
1	15031|PHOD|1|239352
1	15032|PHOI|1|239353
1	15033|RATD|1|239354
1	15034|QKMW|1|239355
1	15035|SFOH|1|239356
1	15036|SDOD|1|239357
1	10620|ISCL|1|236592
1	10910|DCSN|1|239811
1	11000|JJRM|1|248113
1	11005|DIFF|1|248125
1	11009|MKOP|1|248127
1	11010|REAT|1|248140
1	11015|QDAF|1|248144
1	10019|NTTS|1|248164
1	11020|SPHO|1|248183
1	11025|CLFE|1|248196
1	11029|MZOV|1|248201
1	11030|TAVI|1|248233
1	11035|OIOB|1|248242
1	11039|PUHE|1|248244
1	11040|REDW|1|254454
1	11045|OONM|1|248727
1	11049|REDU|1|248729
1	11050|PWBL|1|248818
1	11055|YEQE|1|248962
1	11059|IPPP|1|248966
1	11060|FLFC|1|250649
1	11065|UTIL|1|250651
1	11069|PROV|1|250661
1	11070|AUAN|1|251184
1	11075|CSOA|1|251190
1	11079|IGHW|1|251204
1	11080|PTXJ|1|251230
1	11085|BISK|1|251234
1	11089|AWAK|1|251237
1	11090|ECAL|1|251274
1	11095|SIPL|1|251281
1	11099|TTSH|1|251284
1	11100|PUPP|1|251297
1	11105|NTIT|1|251766
1	11109|VERR|1|251789
1	11110|ERRU|1|251899
1	11115|EDAL|1|251902
1	11119|OPBO|1|251905
1	11120|KEFI|1|252296
1	11125|KESI|1|252298
1	11129|KAMN|1|252300
1	11130|FOOP|1|252312
1	11135|JGTG|1|252324
1	11139|UKGF|1|252331
1	11190|EARS|1|252344
1	11195|POPS|1|252352
1	11200|MLOT|1|252367
1	11205|ASTR|1|252383
1	11209|PELA|1|252386
1	11212|FUFR|1|252399
1	11215|NFIN|1|252402
1	11222|GUES|1|252444
1	11227|MESC|1|252447
1	11233|HOTA|1|252461
1	11237|CTAU|1|252462
1	11243|OPKN|1|252475
1	11245|COCC|1|252478
1	11292|OPSH|1|252487
1	11299|MGRE|1|252490
1	11302|WOOF|1|252511
1	11309|WFOT|1|252508
1	11312|SWYI|1|252523
1	11319|ERIV|1|252526
1	11322|RIVA|1|252539
1	11329|DIHI|1|252541
1	11332|FNXF|1|254313
1	11339|NRQU|1|252559
1	11342|PENR|1|253014
1	11349|NOSD|1|253017
1	11352|TAHC|1|253030
1	11359|SPHE|1|253033
1	11362|MOHB|1|253045
1	11369|SURV|1|253048
1	11144|USVH|1|253060
1	11149|GUYI|1|253063
1	11154|AOQO|1|253075
1	11159|KLVO|1|253078
1	11164|COLL|1|253090
1	11169|MPLO|1|253092
1	11174|CXWZ|1|253104
1	11179|FRFR|1|253107
1	11184|NNFA|1|253119
1	11189|YGXT|1|253122
1	11273|IISR|1|253134
1	11277|RELA|1|253137
1	11199|RSIG|1|252355
1	12025|MHBO|1|263332
1	12027|SOID|1|263360
1	12036|MCFL|1|263330
1	12039|HAHB|1|263344
1	12040|PSHR|1|263348
1	12041|STHB|1|263340
1	12052|SEIC|1|263356
1	12062|MCSL|1|263336
1	12063|LEHR|1|263352
1	12069|BTTR|1|263372
1	12070|WLMA|1|263365
1	12084|DBSE|1|263368
1	12106|PNSO|1|263408
1	12109|WKTA|1|263392
1	12110|WEPA|1|263376
1	12111|TABL|1|263384
1	12123|OEKT|1|263388
1	12133|IIFW|1|263380
1	12134|LMSO|1|263416
1	12139|GUSO|1|263420
1	12140|XSCR|1|263396
1	12154|ALPM|1|263400
1	12095|EISH|1|263404
1	12097|BARM|1|263412
1	12176|TXAI|1|263456
1	12179|LTPA|1|263452
1	12180|IFAD|1|263436
1	12181|PERC|1|263428
1	12192|SVSS|1|263440
1	12202|NXWD|1|263464
1	12203|PEHO|1|263444
1	12209|NUTL|1|263432
1	12210|PAWU|1|263448
1	12224|ZHEO|1|263460
1	12165|FOIT|1|263425
1	12167|WRWN|1|263468
1	12235|YQTZ|1|263493
1	12237|AVWR|1|263487
1	12250|RSBN|1|263497
1	12251|MMAT|1|263472
1	12262|KLFP|1|263499
1	12272|DNCU|1|263480
1	12273|CICS|1|263485
1	12279|IOBE|1|263495
1	12280|TPFO|1|263501
1	12246|THOG|1|263489
1	12249|BDTA|1|263476
1	12294|NFLA|1|263491
1	12305|BSHZ|1|263608
1	12307|INHE|1|263636
1	12316|BUKE|1|263620
1	12319|RIBW|1|263596
1	12320|XCSF|1|263612
1	12321|VNSM|1|263600
1	12332|TELG|1|263616
1	12342|ISIR|1|263628
1	12343|BASS|1|263640
1	12349|BRLG|1|263624
1	12350|IGPI|1|263604
1	12364|ISRG|1|263632
1	12375|DIMS|1|263754
1	12377|DTSG|1|263766
1	12386|RERP|1|263778
1	12389|DETH|1|263770
1	12390|DREX|1|263746
1	12391|RTDE|1|263786
1	12402|EETR|1|263758
1	12412|AORA|1|263774
1	12413|DRRC|1|263750
1	12419|RPPR|1|263782
1	12420|DEWV|1|263762
1	12434|BNDE|1|263790
1	12445|ELTY|1|265956
1	12456|DRTR|1|265971
1	12459|FGCH|1|265950
1	12460|DETA|1|265970
1	12461|ISKI|1|265961
1	12467|GUTR|1|265977
1	12472|FNSO|1|265955
1	12483|FIIN|1|265949
1	12489|GETA|1|265978
1	12490|AHTA|1|265976
1	12494|BNTH|1|265964
1	12505|SITM|1|265967
1	12515|FHRE|1|266111
1	12517|RISM|1|265994
1	12526|FEIU|1|266200
1	12529|FFRE|1|266114
1	12530|FTSE|1|266108
1	12531|DZTU|1|266147
1	12542|ESTU|1|266159
1	12552|RHBO|1|265988
1	12553|ETTU|1|266162
1	12559|CNDE|1|266218
1	12560|SWTO|1|266156
1	12574|RIST|1|265991
1	12587|STKI|1|266150
1	12593|SHFS|1|266000
1	12599|SLRS|1|266123
1	12600|MERM|1|266117
1	12611|ATLI|1|266165
1	12622|ATHM|1|266168
1	12629|ABFI|1|266003
1	12630|STFS|1|265997
1	12636|DRKI|1|266070
1	12644|HLMD|1|266120
1	12645|DBST|1|266203
1	12655|GVKQ|1|266012
1	12657|SWDE|1|266177
1	12666|SODS|1|266174
1	12669|REFC|1|266132
1	12670|MEDE|1|266126
1	12671|EGST|1|266006
1	12682|SWDO|1|266171
1	12692|IKSR|1|266009
1	12693|HATU|1|266129
1	12699|FEWH|1|266206
1	12700|PNTG|1|266073
1	12714|EVPI|1|266076
1	12725|USLI|1|266698
1	12728|PWSU|1|266021
1	12736|CILO|1|266209
1	12738|OMLB|1|266699
1	12740|PGST|1|266015
1	12741|ICMO|1|266135
1	12752|QPSW|1|266018
1	12763|SHRL|1|266082
1	12769|ESLP|1|266224
1	12770|DSRE|1|266079
1	12774|TREH|1|266049
1	12795|GRDR|1|266096
1	12797|FUAM|1|266037
1	12806|RTMO|1|266212
1	12809|INAM|1|266040
1	12810|SRAY|1|266093
1	12811|EMBA|1|266138
1	12822|ERAM|1|266034
1	12832|AGAM|1|266031
1	12833|CETM|1|266191
1	12839|RSME|1|266215
1	12840|CVSH|1|266188
1	12854|SUBD|1|266141
1	12865|SAGF|1|266087
1	12867|SPBG|1|266058
1	12876|PLSN|1|266153
1	12879|CKHE|1|266028
1	12880|DVSP|1|266022
1	12881|SDIR|1|266182
1	12892|HRSV|1|266084
1	12902|ONFU|1|266185
1	12903|EUSR|1|266025
1	12909|BCLG|1|266090
1	12910|SPLI|1|266052
1	12924|DRES|1|266055
1	12935|AUIN|1|266105
1	12937|GEON|1|266046
1	12946|DFPY|1|266197
1	12949|ESCR|1|266227
1	12950|NPAV|1|266061
1	12951|DFIE|1|266194
1	12962|FODB|1|266144
1	12972|UEBN|1|266043
1	12973|RFLA|1|266102
1	12979|UPRU|1|266067
1	12980|PYPL|1|266099
1	12994|ECPR|1|266064
1	10921|LIBU|1|281519
1	10923|PGOT|1|281526
1	10925|LIKL|1|281528
1	10931|TGHA|1|283665
1	10935|ETBU|1|283671
